1503510449718
1503510957301
1503512024740
1503512621910
1503513662628
1503514028875
1503515171349
1503515701951
1503523593605
1503523878205
1503525025300
1503525230880
1503599958929
1503600471339
1503601791851
1503602222616
1503604109480
1503604387983
1503609551913
1503610324174
1503611234275
1503611601402
1503612421077
1503612761276
1503614249214
1503614529248
1503615955779
1503616371604
1503617764878
1503618071641
1503683073471
1503683563307
1503685034967
1503685368577
1503686425859
1503686805336
1503688007613
1503688257359
1503694930450
1503695352765
1503696689988
1503697313323
1503698678322
1503699291032
1503701139779
1503701484723
1503702387838
1503702810845
1503704008775
1503705469691
1503942504234
1503942726461
1503943620094
1503944237832
1503945515116
1503945980566
1503947384353
1503948467876
1503954634592
1503955687111
1503956929450
1503957322493
1503958514022
1503959170110
1503963533730
1503964057697
