1                266    	                            308                                    1
2                429                                        532                                    2
3                800                                        873                                    3
4                1234                                       1262                                   4
5                1638                                       1688                                   1
6                1984                                       2031                                   2                
7                2263                                       2300                                   3
8                2593                                       2637                                   4
9                2955                                       3045                                   1
10               3367                                       3434                                   2
11               3768                                       3825                                   3                
12               4216                                       4277                                   4
13               4616                                       4686                                   1
14               4986                                       5030                                   2
15               5314                                       5355                                   3
16               5622                                       5663                                   4
17               5955                                       5991                                   1
18               6253                                       6296                                   2
19               6637                                       6685                                   3
20               6944                                       7002                                   4
21               7272                                       7313                                   1
22               7575                                       7635                                   2
23               7882                                       7940                                   3
24               8134                                       8195                                   4                
25               8452                                       8502                                   1
26               8701                                       8758                                   2
27               9070                                       9128                                   3
28               9431                                       9535                                   4
29               9840                                       9900                                   1
30               10106                                      10139                                  2
31               10349                                      10399                                  3
32               10619                                      10681                                  4
33               10897                                      10957                                  1
34               11139                                      11222                                  2
35               11428                                      11477                                  3
36               11658                                      11698                                  4
37               11997                                      12045                                  1
38               12325                                      12375                                  2
39               12580                                      12611                                  3
40               12813                                      12861                                  4